           1          3      361000      322878      360601       0.33   0.33   0.34 
           2          4      401403      321603      361603      401603   0.25  0.25  0.25  0.25
           3          3      370335      370535      372938      0.29   0.69   0.02 
           4          3      322201      362201      402201      0.60   0.3   0.03  
           5          2      323000      322601     0.9  0.1
           6          3       43801       83801      123801     0.33   0.33   0.34
           7          3      327000      326601      366601     0.33   0.33   0.34 
           8          3      326601      326801      366801     0.60   0.3   0.03
           9          2      408400      408600      0.5  0.5
          10          4       48801       88801      128801       49001   0.25  0.25  0.25  0.25
          11          5      102220  142220  62420  102420  142420  0.292839497  0.222222224  0.133333340  0.34222222  9.38271638E-03
